-1.1501
-1.1537
-1.1577
-1.1036
-1.1379
-1.1556
-1.1182
-1.0446
-1.0759
-1.0437
-1.087
-1.2881
-1.2936
-1.2491
-1.2792
-1.2443
-1.2834
-1.2999
-1.2168
-1.2121
-1.1838
-1.0982
-0.54499
-0.8797
-0.67109
-0.51645
-0.24422
-0.26009
-0.19709
-0.13583
-0.084628
0.042461
0.055988
0.35402
0.38387
0.36862
0.70564
-0.89215
-0.90398
-0.28479
-0.19501
-0.10863
0.73108
0.73301
0.75353
0.77299
0.77212
0.7708
0.72871
0.89627
0.72607
0.3512
0.31738
0.26816
0.52777
0.28147
0.23786
0.083657
0.10611
-0.067518
-0.17873
-0.2803
-0.32516
-0.52274
-0.63346
0.52106
0.5329
-1.3103
-1.3341
-1.3398
-1.3346
-1.3359
-1.2094
-1.1624
-1.0825
-1.0381
-1.03
-1.1213
-1.1506
-1.1732
-1.3324
-1.3447
-1.3248
-1.3429
-1.3473
-1.3472
-1.3547
-1.3629
-1.3473
-1.3496
-1.3168
-1.2457
-1.2577
-1.0997
-1.0392
0.58003
0.83815
0.80856
0.7573
0.80281