W
0.010000
0.010004
0.010008
0.010013
0.010017
0.010021
0.010025
0.010029
0.010034
0.010038
0.010042
0.010046
0.010050
0.010055
0.010059
0.010063
0.010067
0.010072
0.010076
0.010080
0.010084
0.010088
0.010093
0.010097
0.010101
0.010105
0.010110
0.010114
0.010118
0.010122
0.010127
0.010131
0.010135
0.010139
0.010144
0.010148
0.010152
0.010156
0.010161
0.010165
0.010169
0.010173
0.010178
0.010182
0.010186
0.010191
0.010195
0.010199
0.010203
0.010208
0.010212
0.010216
0.010220
0.010225
0.010229
0.010233
0.010238
0.010242
0.010246
0.010251
0.010255
0.010259
0.010263
0.010268
0.010272
0.010276
0.010281
0.010285
0.010289
0.010294
0.010298
0.010302
0.010307
0.010311
0.010315
0.010320
0.010324
0.010328
0.010333
0.010337
0.010341
0.010346
0.010350
0.010354
0.010359
0.010363
0.010367
0.010372
0.010376
0.010380
0.010385
0.010389
0.010393
0.010398
0.010402
0.010406
0.010411
0.010415
0.010420
0.010424
0.010428
0.010433
0.010437
0.010441
0.010446
0.010450
0.010455
0.010459
0.010463
0.010468
0.010472
0.010477
0.010481
0.010485
0.010490
0.010494
0.010499
0.010503
0.010507
0.010512
0.010516
0.010521
0.010525
0.010529
0.010534
0.010538
0.010543
0.010547
0.010551
0.010556
0.010560
0.010565
0.010569
0.010574
0.010578
0.010582
0.010587
0.010591
0.010596
0.010600
0.010605
0.010609
0.010614
0.010618
0.010623
0.010627
0.010631
0.010636
0.010640
0.010645
0.010649
0.010654
0.010658
0.010663
0.010667
0.010672
0.010676
0.010681
0.010685
0.010690
0.010694
0.010699
0.010703
0.010707
0.010712
0.010716
0.010721
0.010725
0.010730
0.010734
0.010739
0.010743
0.010748
0.010752
0.010757
0.010762
0.010766
0.010771
0.010775
0.010780
0.010784
0.010789
0.010793
0.010798
0.010802
0.010807
0.010811
0.010816
0.010820
0.010825
0.010829
0.010834
0.010838
0.010843
0.010848
0.010852
0.010857
0.010861
0.010866
0.010870
0.010875
0.010879
0.010884
0.010889
0.010893
0.010898
0.010902
0.010907
0.010911
0.010916
0.010921
0.010925
0.010930
0.010934
0.010939
0.010944
0.010948
0.010953
0.010957
0.010962
0.010967
0.010971
0.010976
0.010980
0.010985
0.010990
0.010994
0.010999
0.011003
0.011008
0.011013
0.011017
0.011022
0.011026
0.011031
0.011036
0.011040
0.011045
0.011050
0.011054
0.011059
0.011064
0.011068
0.011073
0.011077
0.011082
0.011087
0.011091
0.011096
0.011101
0.011105
0.011110
0.011115
0.011119
0.011124
0.011129
0.011133
0.011138
0.011143
0.011147
0.011152
0.011157
0.011161
0.011166
0.011171
0.011175
0.011180
0.011185
0.011190
0.011194
0.011199
0.011204
0.011208
0.011213
0.011218
0.011222
0.011227
0.011232
0.011237
0.011241
0.011246
0.011251
0.011255
0.011260
0.011265
0.011270
0.011274
0.011279
0.011284
0.011288
0.011293
0.011298
0.011303
0.011307
0.011312
0.011317
0.011322
0.011326
0.011331
0.011336
0.011341
0.011345
0.011350
0.011355
0.011360
0.011364
0.011369
0.011374
0.011379
0.011384
0.011388
0.011393
0.011398
0.011403
0.011407
0.011412
0.011417
0.011422
0.011427
0.011431
0.011436
0.011441
0.011446
0.011451
0.011455
0.011460
0.011465
0.011470
0.011475
0.011479
0.011484
0.011489
0.011494
0.011499
0.011504
0.011508
0.011513
0.011518
0.011523
0.011528
0.011533
0.011537
0.011542
0.011547
0.011552
0.011557
0.011562
0.011566
0.011571
0.011576
0.011581
0.011586
0.011591
0.011596
0.011600
0.011605
0.011610
0.011615
0.011620
0.011625
0.011630
0.011635
0.011639
0.011644
0.011649
0.011654
0.011659
0.011664
0.011669
0.011674
0.011679
0.011683
0.011688
0.011693
0.011698
0.011703
0.011708
0.011713
0.011718
0.011723
0.011728
0.011733
0.011737
0.011742
0.011747
0.011752
0.011757
0.011762
0.011767
0.011772
0.011777
0.011782
0.011787
0.011792
0.011797
0.011802
0.011807
0.011812
0.011816
0.011821
0.011826
0.011831
0.011836
0.011841
0.011846
0.011851
0.011856
0.011861
0.011866
0.011871
0.011876
0.011881
0.011886
0.011891
0.011896
0.011901
0.011906
0.011911
0.011916
0.011921
0.011926
0.011931
0.011936
0.011941
0.011946
0.011951
0.011956
0.011961
0.011966
0.011971
0.011976
0.011981
0.011986
0.011991
0.011996
0.012001
0.012006
0.012011
0.012016
0.012021
0.012026
0.012032
0.012037
0.012042
0.012047
0.012052
0.012057
0.012062
0.012067
0.012072
0.012077
0.012082
0.012087
0.012092
0.012097
0.012102
0.012107
0.012113
0.012118
0.012123
0.012128
0.012133
0.012138
0.012143
0.012148
0.012153
0.012158
0.012163
0.012169
0.012174
0.012179
0.012184
0.012189
0.012194
0.012199
0.012204
0.012209
0.012215
0.012220
0.012225
0.012230
0.012235
0.012240
0.012245
0.012250
0.012256
0.012261
0.012266
0.012271
0.012276
0.012281
0.012286
0.012292
0.012297
0.012302
0.012307
0.012312
0.012317
0.012323
0.012328
0.012333
0.012338
0.012343
0.012348
0.012354
0.012359
0.012364
0.012369
0.012374
0.012380
0.012385
0.012390
0.012395
0.012400
0.012406
0.012411
0.012416
0.012421
0.012426
0.012432
0.012437
0.012442
0.012447
0.012452
0.012458
0.012463
0.012468
0.012473
0.012479
0.012484
0.012489
0.012494
0.012500
0.012505
0.012510
0.012515
0.012521
0.012526
0.012531
0.012536
0.012542
0.012547
0.012552
0.012557
0.012563
0.012568
0.012573
0.012578
0.012584
0.012589
0.012594
0.012600
0.012605
0.012610
0.012615
0.012621
0.012626
0.012631
0.012637
0.012642
0.012647
0.012652
0.012658
0.012663
0.012668
0.012674
0.012679
0.012684
0.012690
0.012695
0.012700
0.012706
0.012711
0.012716
0.012722
0.012727
0.012732
0.012738
0.012743
0.012748
0.012754
0.012759
0.012764
0.012770
0.012775
0.012780
0.012786
0.012791
0.012797
0.012802
0.012807
0.012813
0.012818
0.012823
0.012829
0.012834
0.012840
0.012845
0.012850
0.012856
0.012861
0.012867
0.012872
0.012877
0.012883
0.012888
0.012894
0.012899
0.012904
0.012910
0.012915
0.012921
0.012926
0.012931
0.012937
0.012942
0.012948
0.012953
0.012959
0.012964
0.012969
0.012975
0.012980
0.012986
0.012991
0.012997
0.013002
0.013008
0.013013
0.013018
0.013024
0.013029
0.013035
0.013040
0.013046
0.013051
0.013057
0.013062
0.013068
0.013073
0.013079
0.013084
0.013090
0.013095
0.013101
0.013106
0.013112
0.013117
0.013123
0.013128
0.013134
0.013139
0.013145
0.013150
0.013156
0.013161
0.013167
0.013172
0.013178
0.013183
0.013189
0.013194
0.013200
0.013205
0.013211
0.013217
0.013222
0.013228
0.013233
0.013239
0.013244
0.013250
0.013255
0.013261
0.013267
0.013272
0.013278
0.013283
0.013289
0.013294
0.013300
0.013306
0.013311
0.013317
0.013322
0.013328
0.013333
0.013339
0.013345
0.013350
0.013356
0.013361
0.013367
0.013373
0.013378
0.013384
0.013389
0.013395
0.013401
0.013406
0.013412
0.013418
0.013423
0.013429
0.013434
0.013440
0.013446
0.013451
0.013457
0.013463
0.013468
0.013474
0.013480
0.013485
0.013491
0.013497
0.013502
0.013508
0.013514
0.013519
0.013525
0.013531
0.013536
0.013542
0.013548
0.013553
0.013559
0.013565
0.013570
0.013576
0.013582
0.013587
0.013593
0.013599
0.013605
0.013610
0.013616
0.013622
0.013627
0.013633
0.013639
0.013645
0.013650
0.013656
0.013662
0.013667
0.013673
0.013679
0.013685
0.013690
0.013696
0.013702
0.013708
0.013713
0.013719
0.013725
0.013731
0.013736
0.013742
0.013748
0.013754
0.013759
0.013765
0.013771
0.013777
0.013783
0.013788
0.013794
0.013800
0.013806
0.013812
0.013817
0.013823
0.013829
0.013835
0.013841
0.013846
0.013852
0.013858
0.013864
0.013870
0.013875
0.013881
0.013887
0.013893
0.013899
0.013905
0.013910
0.013916
0.013922
0.013928
0.013934
0.013940
0.013945
0.013951
0.013957
0.013963
0.013969
0.013975
0.013981
0.013986
0.013992
0.013998
0.014004
0.014010
0.014016
0.014022
0.014028
0.014033
0.014039
0.014045
0.014051
0.014057
0.014063
0.014069
0.014075
0.014081
0.014086
0.014092
0.014098
0.014104
0.014110
0.014116
0.014122
0.014128
0.014134
0.014140
0.014146
0.014152
0.014158
0.014163
0.014169
0.014175
0.014181
0.014187
0.014193
0.014199
0.014205
0.014211
0.014217
0.014223
0.014229
0.014235
0.014241
0.014247
0.014253
0.014259
0.014265
0.014271
0.014277
0.014283
0.014289
0.014295
0.014301
0.014307
0.014313
0.014319
0.014325
0.014331
0.014337
0.014343
0.014349
0.014355
0.014361
0.014367
0.014373
0.014379
0.014385
0.014391
0.014397
0.014403
0.014409
0.014415
0.014421
0.014427
0.014433
0.014439
0.014445
0.014451
0.014458
0.014464
0.014470
0.014476
0.014482
0.014488
0.014494
0.014500
0.014506
0.014512
0.014518
0.014524
0.014530
0.014537
0.014543
0.014549
0.014555
0.014561
0.014567
0.014573
0.014579
0.014585
0.014592
0.014598
0.014604
0.014610
0.014616
0.014622
0.014628
0.014634
0.014641
0.014647
0.014653
0.014659
0.014665
0.014671
0.014677
0.014684
0.014690
0.014696
0.014702
0.014708
0.014714
0.014721
0.014727
0.014733
0.014739
0.014745
0.014752
0.014758
0.014764
0.014770
0.014776
0.014782
0.014789
0.014795
0.014801
0.014807
0.014813
0.014820
0.014826
0.014832
0.014838
0.014845
0.014851
0.014857
0.014863
0.014870
0.014876
0.014882
0.014888
0.014894
0.014901
0.014907
0.014913
0.014919
0.014926
0.014932
0.014938
0.014945
0.014951
0.014957
0.014963
0.014970
0.014976
0.014982
0.014988
0.014995
0.015001
0.015007
0.015014
0.015020
0.015026
0.015033
0.015039
0.015045
0.015051
0.015058
0.015064
0.015070
0.015077
0.015083
0.015089
0.015096
0.015102
0.015108
0.015115
0.015121
0.015127
0.015134
0.015140
0.015146
0.015153
0.015159
0.015166
0.015172
0.015178
0.015185
0.015191
0.015197
0.015204
0.015210
0.015216
0.015223
0.015229
0.015236
0.015242
0.015248
0.015255
0.015261
0.015268
0.015274
0.015280
0.015287
0.015293
0.015300
0.015306
0.015312
0.015319
0.015325
0.015332
0.015338
0.015345
0.015351
0.015358
0.015364
0.015370
0.015377
0.015383
0.015390
0.015396
0.015403
0.015409
0.015416
0.015422
0.015429
0.015435
0.015441
0.015448
0.015454
0.015461
0.015467
0.015474
0.015480
0.015487
0.015493
0.015500
0.015506
0.015513
0.015519
0.015526
0.015532
0.015539
0.015545
0.015552
0.015558
0.015565
0.015572
0.015578
0.015585
0.015591
0.015598
0.015604
0.015611
0.015617
0.015624
0.015630
0.015637
0.015644
0.015650
0.015657
0.015663
0.015670
0.015676
0.015683
0.015690
0.015696
0.015703
0.015709
0.015716
0.015722
0.015729
0.015736
0.015742
0.015749
0.015755
0.015762
0.015769
0.015775
0.015782
0.015789
0.015795
0.015802
0.015808
0.015815
0.015822
0.015828
0.015835
0.015842
0.015848
0.015855
0.015862
0.015868
0.015875
0.015882
0.015888
0.015895
0.015901
0.015908
0.015915
0.015922
0.015928
0.015935
0.015942
0.015948
0.015955
0.015962
0.015968
0.015975
0.015982
0.015988
0.015995
0.016002
0.016009
0.016015
0.016022
0.016029
0.016035
0.016042
0.016049
0.016056
0.016062
0.016069
0.016076
0.016083
0.016089
0.016096
0.016103
0.016110
0.016116
0.016123
0.016130
0.016137
0.016143
0.016150
0.016157
0.016164
0.016170
0.016177
0.016184
0.016191
0.016198
0.016204
0.016211
0.016218
0.016225
0.016232
0.016238
0.016245
0.016252
0.016259
0.016266
0.016273
0.016279
0.016286
0.016293
0.016300
0.016307
0.016314
0.016320
0.016327
0.016334
0.016341
0.016348
0.016355
0.016361
0.016368
0.016375
0.016382
0.016389
0.016396
0.016403
0.016410
0.016416
0.016423
0.016430
0.016437
0.016444
0.016451
0.016458
0.016465
0.016472
0.016479
0.016485
0.016492
0.016499
0.016506
0.016513
0.016520
0.016527
0.016534
0.016541
0.016548
0.016555
0.016562
0.016569
0.016576
0.016583
0.016590
0.016596
0.016603
0.016610
0.016617
0.016624
0.016631
0.016638
0.016645
0.016652
0.016659
0.016666
0.016673
0.016680
0.016687
0.016694
0.016701
0.016708
0.016715
0.016722
0.016729
0.016736
0.016743
0.016750
0.016757
0.016764
0.016771
0.016778
0.016785
0.016792
0.016800
0.016807
0.016814
0.016821
0.016828
0.016835
0.016842
0.016849
0.016856
0.016863
0.016870
0.016877
0.016884
0.016891
0.016898
0.016906
0.016913
0.016920
0.016927
0.016934
0.016941
0.016948
0.016955
0.016962
0.016969
0.016977
0.016984
0.016991
0.016998
0.017005
0.017012
0.017019
0.017027
0.017034
0.017041
0.017048
0.017055
0.017062
0.017069
0.017077
0.017084
0.017091
0.017098
0.017105
0.017112
0.017120
0.017127
0.017134
0.017141
0.017148
0.017156
0.017163
0.017170
0.017177
0.017184
0.017192
0.017199
0.017206
0.017213
0.017220
0.017228
0.017235
0.017242
0.017249
0.017257
0.017264
0.017271
0.017278
0.017286
0.017293
0.017300
0.017307
0.017315
0.017322
0.017329
0.017336
0.017344
0.017351
0.017358
0.017365
0.017373
0.017380
0.017387
0.017395
0.017402
0.017409
0.017416
0.017424
0.017431
0.017438
0.017446
0.017453
0.017460
0.017468
0.017475
0.017482
0.017490
0.017497
0.017504
0.017512
0.017519
0.017526
0.017534
0.017541
0.017548
0.017556
0.017563
0.017571
0.017578
0.017585
0.017593
0.017600
0.017607
0.017615
0.017622
0.017630
0.017637
0.017644
0.017652
0.017659
0.017667
0.017674
0.017681
0.017689
0.017696
0.017704
0.017711
0.017719
0.017726
0.017733
0.017741
0.017748
0.017756
0.017763
0.017771
0.017778
0.017786
0.017793
0.017800
0.017808
0.017815
0.017823
0.017830
0.017838
0.017845
0.017853
0.017860
0.017868
0.017875
0.017883
0.017890
0.017898
0.017905
0.017913
0.017920
0.017928
0.017935
0.017943
0.017950
0.017958
0.017965
0.017973
0.017981
0.017988
0.017996
0.018003
0.018011
0.018018
0.018026
0.018033
0.018041
0.018049
0.018056
0.018064
0.018071
0.018079
0.018086
0.018094
0.018102
0.018109
0.018117
0.018124
0.018132
0.018140
0.018147
0.018155
0.018162
0.018170
0.018178
0.018185
0.018193
0.018201
0.018208
0.018216
0.018223
0.018231
0.018239
0.018246
0.018254
0.018262
0.018269
0.018277
0.018285
0.018292
0.018300
0.018308
0.018315
0.018323
0.018331
0.018338
0.018346
0.018354
0.018362
0.018369
0.018377
0.018385
0.018392
0.018400
0.018408
0.018416
0.018423
0.018431
0.018439
0.018446
0.018454
0.018462
0.018470
0.018477
0.018485
0.018493
0.018501
0.018508
0.018516
0.018524
0.018532
0.018540
0.018547
0.018555
0.018563
0.018571
0.018578
0.018586
0.018594
0.018602
0.018610
0.018617
0.018625
0.018633
0.018641
0.018649
0.018657
0.018664
0.018672
0.018680
0.018688
0.018696
0.018704
0.018711
0.018719
0.018727
0.018735
0.018743
0.018751
0.018758
0.018766
0.018774
0.018782
0.018790
0.018798
0.018806
0.018814
0.018822
0.018829
0.018837
0.018845
0.018853
0.018861
0.018869
0.018877
0.018885
0.018893
0.018901
0.018909
0.018916
0.018924
0.018932
0.018940
0.018948
0.018956
0.018964
0.018972
0.018980
0.018988
0.018996
0.019004
0.019012
0.019020
0.019028
0.019036
0.019044
0.019052
0.019060
0.019068
0.019076
0.019084
0.019092
0.019100
0.019108
0.019116
0.019124
0.019132
0.019140
0.019148
0.019156
0.019164
0.019172
0.019180
0.019188
0.019196
0.019204
0.019212
0.019220
0.019228
0.019236
0.019245
0.019253
0.019261
0.019269
0.019277
0.019285
0.019293
0.019301
0.019309
0.019317
0.019325
0.019334
0.019342
0.019350
0.019358
0.019366
0.019374
0.019382
0.019390
0.019399
0.019407
0.019415
0.019423
0.019431
0.019439
0.019447
0.019456
0.019464
0.019472
0.019480
0.019488
0.019496
0.019505
0.019513
0.019521
0.019529
0.019537
0.019546
0.019554
0.019562
0.019570
0.019578
0.019587
0.019595
0.019603
0.019611
0.019619
0.019628
0.019636
0.019644
0.019652
0.019661
0.019669
0.019677
0.019685
0.019694
0.019702
0.019710
0.019718
0.019727
0.019735
0.019743
0.019752
0.019760
0.019768
0.019776
0.019785
0.019793
0.019801
0.019810
0.019818
0.019826
0.019835
0.019843
0.019851
0.019859
0.019868
0.019876
0.019884
0.019893
0.019901
0.019910
0.019918
0.019926
0.019935
0.019943
0.019951
0.019960
0.019968
0.019976
0.019985
0.019993
0.020002
0.020010
0.020018
0.020027
0.020035
0.020044
0.020052
0.020060
0.020069
0.020077
0.020086
0.020094
0.020102
0.020111
0.020119
0.020128
0.020136
0.020145
0.020153
0.020162
0.020170
0.020179
0.020187
0.020195
0.020204
0.020212
0.020221
0.020229
0.020238
0.020246
0.020255
0.020263
0.020272
0.020280
0.020289
0.020297
0.020306
0.020314
0.020323
0.020331
0.020340
0.020348
0.020357
0.020366
0.020374
0.020383
0.020391
0.020400
0.020408
0.020417
0.020425
0.020434
0.020443
0.020451
0.020460
0.020468
0.020477
0.020485
0.020494
0.020503
0.020511
0.020520
0.020528
0.020537
0.020546
0.020554
0.020563
0.020572
0.020580
0.020589
0.020597
0.020606
0.020615
0.020623
0.020632
0.020641
0.020649
0.020658
0.020667
0.020675
0.020684
0.020693
0.020701
0.020710
0.020719
0.020727
0.020736
0.020745
0.020754
0.020762
0.020771
0.020780
0.020788
0.020797
0.020806
0.020815
0.020823
0.020832
0.020841
0.020849
0.020858
0.020867
0.020876
0.020884
0.020893
0.020902
0.020911
0.020920
0.020928
0.020937
0.020946
0.020955
0.020963
0.020972
0.020981
0.020990
0.020999
0.021007
0.021016
0.021025
0.021034
0.021043
0.021052
0.021060
0.021069
0.021078
0.021087
0.021096
0.021105
0.021113
0.021122
0.021131
0.021140
0.021149
0.021158
0.021167
0.021176
0.021184
0.021193
0.021202
0.021211
0.021220
0.021229
0.021238
0.021247
0.021256
0.021265
0.021273
0.021282
0.021291
0.021300
0.021309
0.021318
0.021327
0.021336
0.021345
0.021354
0.021363
0.021372
0.021381
0.021390
0.021399
0.021408
0.021417
0.021426
0.021435
0.021444
0.021453
0.021462
0.021471
0.021480
0.021489
0.021498
0.021507
0.021516
0.021525
0.021534
0.021543
0.021552
0.021561
0.021570
0.021579
0.021588
0.021597
0.021606
0.021615
0.021624
0.021633
0.021642
0.021651
0.021661
0.021670
0.021679
0.021688
0.021697
0.021706
0.021715
0.021724
0.021733
0.021742
0.021752
0.021761
0.021770
0.021779
0.021788
0.021797
0.021806
0.021816
0.021825
0.021834
0.021843
0.021852
0.021861
0.021871
0.021880
0.021889
0.021898
0.021907
0.021916
0.021926
0.021935
0.021944
0.021953
0.021962
0.021972
0.021981
0.021990
0.021999
0.022009
0.022018
0.022027
0.022036
0.022045
0.022055
0.022064
0.022073
0.022082
0.022092
0.022101
0.022110
0.022120
0.022129
0.022138
0.022147
0.022157
0.022166
0.022175
0.022185
0.022194
0.022203
0.022213
0.022222
0.022231
0.022240
0.022250
0.022259
0.022268
0.022278
0.022287
0.022297
0.022306
0.022315
0.022325
0.022334
0.022343
0.022353
0.022362
0.022371
0.022381
0.022390
0.022400
0.022409
0.022418
0.022428
0.022437
0.022447
0.022456
0.022465
0.022475
0.022484
0.022494
0.022503
0.022513
0.022522
0.022532
0.022541
0.022550
0.022560
0.022569
0.022579
0.022588
0.022598
0.022607
0.022617
0.022626
0.022636
0.022645
0.022655
0.022664
0.022674
0.022683
0.022693
0.022702
0.022712
0.022721
0.022731
0.022740
0.022750
0.022759
0.022769
0.022779
0.022788
0.022798
0.022807
0.022817
0.022826
0.022836
0.022846
0.022855
0.022865
0.022874
0.022884
0.022893
0.022903
0.022913
0.022922
0.022932
0.022942
0.022951
0.022961
0.022970
0.022980
0.022990
0.022999
0.023009
0.023019
0.023028
0.023038
0.023048
0.023057
0.023067
0.023077
0.023086
0.023096
0.023106
0.023115
0.023125
0.023135
0.023144
0.023154
0.023164
0.023174
0.023183
0.023193
0.023203
0.023212
0.023222
0.023232
0.023242
0.023251
0.023261
0.023271
0.023281
0.023291
0.023300
0.023310
0.023320
0.023330
0.023339
0.023349
0.023359
0.023369
0.023379
0.023388
0.023398
0.023408
0.023418
0.023428
0.023437
0.023447
0.023457
0.023467
0.023477
0.023487
0.023497
0.023506
0.023516
0.023526
0.023536
0.023546
0.023556
0.023566
0.023575
0.023585
0.023595
0.023605
0.023615
0.023625
0.023635
0.023645
0.023655
0.023665
0.023675
0.023684
0.023694
0.023704
0.023714
0.023724
0.023734
0.023744
0.023754
0.023764
0.023774
0.023784
0.023794
0.023804
0.023814
0.023824
0.023834
0.023844
0.023854
0.023864
0.023874
0.023884
0.023894
0.023904
0.023914
0.023924
0.023934
0.023944
0.023954
0.023964
0.023974
0.023984
0.023994
0.024004
0.024015
0.024025
0.024035
0.024045
0.024055
0.024065
0.024075
0.024085
0.024095
0.024105
0.024115
0.024126
0.024136
0.024146
0.024156
0.024166
0.024176
0.024186
0.024197
0.024207
0.024217
0.024227
0.024237
0.024247
0.024257
0.024268
0.024278
0.024288
0.024298
0.024308
0.024319
0.024329
0.024339
0.024349
0.024359
0.024370
0.024380
0.024390
0.024400
0.024411
0.024421
0.024431
0.024441
0.024452
0.024462
0.024472
0.024482
0.024493
0.024503
0.024513
0.024523
0.024534
0.024544
0.024554
0.024565
0.024575
0.024585
0.024596
0.024606
0.024616
0.024626
0.024637
0.024647
0.024657
0.024668
0.024678
0.024689
0.024699
0.024709
0.024720
0.024730
0.024740
0.024751
0.024761
0.024771
0.024782
0.024792
0.024803
0.024813
0.024823
0.024834
0.024844
0.024855
0.024865
0.024876
0.024886
0.024896
0.024907
0.024917
0.024928
0.024938
0.024949
0.024959
0.024970
0.024980
0.024991
0.025001
0.025012
0.025022
0.025033
0.025043
0.025054
0.025064
0.025075
0.025085
0.025096
0.025106
0.025117
0.025127
0.025138
0.025148
0.025159
0.025169
0.025180
0.025191
0.025201
0.025212
0.025222
0.025233
0.025243
0.025254
0.025265
0.025275
0.025286
0.025296
0.025307
0.025318
0.025328
0.025339
0.025350
0.025360
0.025371
0.025381
0.025392
0.025403
0.025413
0.025424
0.025435
0.025445
0.025456
0.025467
0.025477
0.025488
0.025499
0.025509
0.025520
0.025531
0.025542
0.025552
0.025563
0.025574
0.025584
0.025595
0.025606
0.025617
0.025627
0.025638
0.025649
0.025660
0.025670
0.025681
0.025692
0.025703
0.025714
0.025724
0.025735
0.025746
0.025757
0.025768
0.025778
0.025789
0.025800
0.025811
0.025822
0.025832
0.025843
0.025854
0.025865
0.025876
0.025887
0.025898
0.025908
0.025919
0.025930
0.025941
0.025952
0.025963
0.025974
0.025985
0.025995
0.026006
0.026017
0.026028
0.026039
0.026050
0.026061
0.026072
0.026083
0.026094
0.026105
0.026116
0.026127
0.026138
0.026149
0.026159
0.026170
0.026181
0.026192
0.026203
0.026214
0.026225
0.026236
0.026247
0.026258
0.026269
0.026280
0.026291
0.026303
0.026314
0.026325
0.026336
0.026347
0.026358
0.026369
0.026380
0.026391
0.026402
0.026413
0.026424
0.026435
0.026446
0.026457
0.026468
0.026480
0.026491
0.026502
0.026513
0.026524
0.026535
0.026546
0.026557
0.026569
0.026580
0.026591
0.026602
0.026613
0.026624
0.026636
0.026647
0.026658
0.026669
0.026680
0.026691
0.026703
0.026714
0.026725
0.026736
0.026747
0.026759
0.026770
0.026781
0.026792
0.026804
0.026815
0.026826
0.026837
0.026849
0.026860
0.026871
0.026882
0.026894
0.026905
0.026916
0.026928
0.026939
0.026950
0.026961
0.026973
0.026984
0.026995
0.027007
0.027018
0.027029
0.027041
0.027052
0.027063
0.027075
0.027086
0.027097
0.027109
0.027120
0.027132
0.027143
0.027154
0.027166
0.027177
0.027189
0.027200
0.027211
0.027223
0.027234
0.027246
0.027257
0.027268
0.027280
0.027291
0.027303
0.027314
0.027326
0.027337
0.027349
0.027360
0.027372
0.027383
0.027395
0.027406
0.027418
0.027429
0.027441
0.027452
0.027464
0.027475
0.027487
0.027498
0.027510
0.027521
0.027533
0.027544
0.027556
0.027567
0.027579
0.027591
0.027602
0.027614
0.027625
0.027637
0.027648
0.027660
0.027672
0.027683
0.027695
0.027706
0.027718
0.027730
0.027741
0.027753
0.027765
0.027776
0.027788
0.027800
0.027811
0.027823
0.027835
0.027846
0.027858
0.027870
0.027881
0.027893
0.027905
0.027916
0.027928
0.027940
0.027952
0.027963
0.027975
0.027987
0.027999
0.028010
0.028022
0.028034
0.028046
0.028057
0.028069
0.028081
0.028093
0.028104
0.028116
0.028128
0.028140
0.028152
0.028163
0.028175
0.028187
0.028199
0.028211
0.028222
0.028234
0.028246
0.028258
0.028270
0.028282
0.028294
0.028305
0.028317
0.028329
0.028341
0.028353
0.028365
0.028377
0.028389
0.028401
0.028413
0.028424
0.028436
0.028448
0.028460
0.028472
0.028484
0.028496
0.028508
0.028520
0.028532
0.028544
0.028556
0.028568
0.028580
0.028592
0.028604
0.028616
0.028628
0.028640
0.028652
0.028664
0.028676
0.028688
0.028700
0.028712
0.028724
0.028736
0.028748
0.028760
0.028772
0.028784
0.028796
0.028808
0.028821
0.028833
0.028845
0.028857
0.028869
0.028881
0.028893
0.028905
0.028917
0.028930
0.028942
0.028954
0.028966
0.028978
0.028990
0.029002
0.029015
0.029027
0.029039
0.029051
0.029063
0.029075
0.029088
0.029100
0.029112
0.029124
0.029137
0.029149
0.029161
0.029173
0.029185
0.029198
0.029210
0.029222
0.029234
0.029247
0.029259
0.029271
0.029283
0.029296
0.029308
0.029320
0.029333
0.029345
0.029357
0.029370
0.029382
0.029394
0.029407
0.029419
0.029431
0.029444
0.029456
0.029468
0.029481
0.029493
0.029505
0.029518
0.029530
0.029543
0.029555
0.029567
0.029580
0.029592
0.029605
0.029617
0.029629
0.029642
0.029654
0.029667
0.029679
0.029692
0.029704
0.029716
0.029729
0.029741
0.029754
0.029766
0.029779
0.029791
0.029804
0.029816
0.029829
0.029841
0.029854
0.029866
0.029879
0.029891
0.029904
0.029917
0.029929
0.029942
0.029954
0.029967
0.029979
0.029992
0.030005
0.030017
0.030030
0.030042
0.030055
0.030067
0.030080
0.030093
0.030105
0.030118
0.030131
0.030143
0.030156
0.030169
0.030181
0.030194
0.030207
0.030219
0.030232
0.030245
0.030257
0.030270
0.030283
0.030295
0.030308
0.030321
0.030333
0.030346
0.030359
0.030372
0.030384
0.030397
0.030410
0.030423
0.030435
0.030448
0.030461
0.030474
0.030487
0.030499
0.030512
0.030525
0.030538
0.030550
0.030563
0.030576
0.030589
0.030602
0.030615
0.030627
0.030640
0.030653
0.030666
0.030679
0.030692
0.030705
0.030718
0.030730
0.030743
0.030756
0.030769
0.030782
0.030795
0.030808
0.030821
0.030834
0.030847
0.030860
0.030872
0.030885
0.030898
0.030911
0.030924
0.030937
0.030950
0.030963
0.030976
0.030989
0.031002
0.031015
0.031028
0.031041
0.031054
0.031067
0.031080
0.031093
0.031106
0.031119
0.031133
0.031146
0.031159
0.031172
0.031185
0.031198
0.031211
0.031224
0.031237
0.031250
0.031263
0.031276
0.031290
0.031303
0.031316
0.031329
0.031342
0.031355
0.031368
0.031382
0.031395
0.031408
0.031421
0.031434
0.031447
0.031461
0.031474
0.031487
0.031500
0.031513
0.031527
0.031540
0.031553
0.031566
0.031580
0.031593
0.031606
0.031619
0.031633
0.031646
0.031659
0.031672
0.031686
0.031699
0.031712
0.031726
0.031739
0.031752
0.031766
0.031779
0.031792
0.031806
0.031819
0.031832
0.031846
0.031859
0.031872
0.031886
0.031899
0.031912
0.031926
0.031939
0.031953
0.031966
0.031979
0.031993
0.032006
0.032020
0.032033
0.032047
0.032060
0.032073
0.032087
0.032100
0.032114
0.032127
0.032141
0.032154
0.032168
0.032181
0.032195
0.032208
0.032222
0.032235
0.032249
0.032262
0.032276
0.032289
0.032303
0.032316
0.032330
0.032344
0.032357
0.032371
0.032384
0.032398
0.032411
0.032425
0.032439
0.032452
0.032466
0.032480
0.032493
0.032507
0.032520
0.032534
0.032548
0.032561
0.032575
0.032589
0.032602
0.032616
0.032630
0.032643
0.032657
0.032671
0.032684
0.032698
0.032712
0.032726
0.032739
0.032753
0.032767
0.032781
0.032794
0.032808
0.032822
0.032836
0.032849
0.032863
0.032877
0.032891
0.032905
0.032918
0.032932
0.032946
0.032960
0.032974
0.032987
0.033001
0.033015
0.033029
0.033043
0.033057
0.033071
0.033084
0.033098
0.033112
0.033126
0.033140
0.033154
0.033168
0.033182
0.033196
0.033210
0.033223
0.033237
0.033251
0.033265
0.033279
0.033293
0.033307
0.033321
0.033335
0.033349
0.033363
0.033377
0.033391
0.033405
0.033419
0.033433
0.033447
0.033461
0.033475
0.033489
0.033503
0.033517
0.033531
0.033545
0.033560
0.033574
0.033588
0.033602
0.033616
0.033630
0.033644
0.033658
0.033672
0.033686
0.033701
0.033715
0.033729
0.033743
0.033757
0.033771
0.033785
0.033800
0.033814
0.033828
0.033842
0.033856
0.033871
0.033885
0.033899
0.033913
0.033927
0.033942
0.033956
0.033970
0.033984
0.033999
0.034013
0.034027
0.034041
0.034056
0.034070
0.034084
0.034099
0.034113
0.034127
0.034142
0.034156
0.034170
0.034185
0.034199
0.034213
0.034228
0.034242
0.034256
0.034271
0.034285
0.034299
0.034314
0.034328
0.034343
0.034357
0.034371
0.034386
0.034400
0.034415
0.034429
0.034444
0.034458
0.034472
0.034487
0.034501
0.034516
0.034530
0.034545
0.034559
0.034574
0.034588
0.034603
0.034617
0.034632
0.034646
0.034661
0.034675
0.034690
0.034705
0.034719
0.034734
0.034748
0.034763
0.034777
0.034792
0.034807
0.034821
0.034836
0.034850
0.034865
0.034880
0.034894
0.034909
0.034924
0.034938
0.034953
0.034968
0.034982
0.034997
0.035012
0.035026
0.035041
0.035056
0.035070
0.035085
0.035100
0.035114
0.035129
0.035144
0.035159
0.035173
