W
0.010000
0.010002
0.010005
0.010007
0.010009
0.010011
0.010014
0.010016
0.010018
0.010021
0.010023
0.010025
0.010027
0.010030
0.010032
0.010034
0.010037
0.010039
0.010041
0.010043
0.010046
0.010048
0.010050
0.010053
0.010055
0.010057
0.010059
0.010062
0.010064
0.010066
0.010069
0.010071
0.010073
0.010076
0.010078
0.010080
0.010082
0.010085
0.010087
0.010089
0.010092
0.010094
0.010096
0.010099
0.010101
0.010103
0.010105
0.010108
0.010110
0.010112
0.010115
0.010117
0.010119
0.010122
0.010124
0.010126
0.010129
0.010131
0.010133
0.010135
0.010138
0.010140
0.010142
0.010145
0.010147
0.010149
0.010152
0.010154
0.010156
0.010159
0.010161
0.010163
0.010166
0.010168
0.010170
0.010173
0.010175
0.010177
0.010179
0.010182
0.010184
0.010186
0.010189
0.010191
0.010193
0.010196
0.010198
0.010200
0.010203
0.010205
0.010207
0.010210
0.010212
0.010214
0.010217
0.010219
0.010221
0.010224
0.010226
0.010228
0.010231
0.010233
0.010235
0.010238
0.010240
0.010242
0.010245
0.010247
0.010249
0.010252
0.010254
0.010256
0.010259
0.010261
0.010263
0.010266
0.010268
0.010270
0.010273
0.010275
0.010277
0.010280
0.010282
0.010285
0.010287
0.010289
0.010292
0.010294
0.010296
0.010299
0.010301
0.010303
0.010306
0.010308
0.010310
0.010313
0.010315
0.010317
0.010320
0.010322
0.010324
0.010327
0.010329
0.010332
0.010334
0.010336
0.010339
0.010341
0.010343
0.010346
0.010348
0.010350
0.010353
0.010355
0.010357
0.010360
0.010362
0.010365
0.010367
0.010369
0.010372
0.010374
0.010376
0.010379
0.010381
0.010383
0.010386
0.010388
0.010391
0.010393
0.010395
0.010398
0.010400
0.010402
0.010405
0.010407
0.010410
0.010412
0.010414
0.010417
0.010419
0.010421
0.010424
0.010426
0.010429
0.010431
0.010433
0.010436
0.010438
0.010440
0.010443
0.010445
0.010448
0.010450
0.010452
0.010455
0.010457
0.010460
0.010462
0.010464
0.010467
0.010469
0.010471
0.010474
0.010476
0.010479
0.010481
0.010483
0.010486
0.010488
0.010491
0.010493
0.010495
0.010498
0.010500
0.010503
0.010505
0.010507
0.010510
0.010512
0.010515
0.010517
0.010519
0.010522
0.010524
0.010527
0.010529
0.010531
0.010534
0.010536
0.010539
0.010541
0.010543
0.010546
0.010548
0.010551
0.010553
0.010555
0.010558
0.010560
0.010563
0.010565
0.010567
0.010570
0.010572
0.010575
0.010577
0.010580
0.010582
0.010584
0.010587
0.010589
0.010592
0.010594
0.010596
0.010599
0.010601
0.010604
0.010606
0.010609
0.010611
0.010613
0.010616
0.010618
0.010621
0.010623
0.010625
0.010628
0.010630
0.010633
0.010635
0.010638
0.010640
0.010642
0.010645
0.010647
0.010650
0.010652
0.010655
0.010657
0.010659
0.010662
0.010664
0.010667
0.010669
0.010672
0.010674
0.010676
0.010679
0.010681
0.010684
0.010686
0.010689
0.010691
0.010694
0.010696
0.010698
0.010701
0.010703
0.010706
0.010708
0.010711
0.010713
0.010716
0.010718
0.010720
0.010723
0.010725
0.010728
0.010730
0.010733
0.010735
0.010738
0.010740
0.010742
0.010745
0.010747
0.010750
0.010752
0.010755
0.010757
0.010760
0.010762
0.010764
0.010767
0.010769
0.010772
0.010774
0.010777
0.010779
0.010782
0.010784
0.010787
0.010789
0.010792
0.010794
0.010796
0.010799
0.010801
0.010804
0.010806
0.010809
0.010811
0.010814
0.010816
0.010819
0.010821
0.010824
0.010826
0.010829
0.010831
0.010833
0.010836
0.010838
0.010841
0.010843
0.010846
0.010848
0.010851
0.010853
0.010856
0.010858
0.010861
0.010863
0.010866
0.010868
0.010871
0.010873
0.010876
0.010878
0.010881
0.010883
0.010885
0.010888
0.010890
0.010893
0.010895
0.010898
0.010900
0.010903
0.010905
0.010908
0.010910
0.010913
0.010915
0.010918
0.010920
0.010923
0.010925
0.010928
0.010930
0.010933
0.010935
0.010938
0.010940
0.010943
0.010945
0.010948
0.010950
0.010953
0.010955
0.010958
0.010960
0.010963
0.010965
0.010968
0.010970
0.010973
0.010975
0.010978
0.010980
0.010983
0.010985
0.010988
0.010990
0.010993
0.010995
0.010998
0.011000
0.011003
0.011005
0.011008
0.011010
0.011013
0.011015
0.011018
0.011020
0.011023
0.011025
0.011028
0.011030
0.011033
0.011035
0.011038
0.011040
0.011043
0.011046
0.011048
0.011051
0.011053
0.011056
0.011058
0.011061
0.011063
0.011066
0.011068
0.011071
0.011073
0.011076
0.011078
0.011081
0.011083
0.011086
0.011088
0.011091
0.011094
0.011096
0.011099
0.011101
0.011104
0.011106
0.011109
0.011111
0.011114
0.011116
0.011119
0.011121
0.011124
0.011126
0.011129
0.011132
0.011134
0.011137
0.011139
0.011142
0.011144
0.011147
0.011149
0.011152
0.011154
0.011157
0.011159
0.011162
0.011165
0.011167
0.011170
0.011172
0.011175
0.011177
0.011180
0.011182
0.011185
0.011188
0.011190
0.011193
0.011195
0.011198
0.011200
0.011203
0.011205
0.011208
0.011210
0.011213
0.011216
0.011218
0.011221
0.011223
0.011226
0.011228
0.011231
0.011234
0.011236
0.011239
0.011241
0.011244
0.011246
0.011249
0.011251
0.011254
0.011257
0.011259
0.011262
0.011264
0.011267
0.011269
0.011272
0.011275
0.011277
0.011280
0.011282
0.011285
0.011287
0.011290
0.011293
0.011295
0.011298
0.011300
0.011303
0.011306
0.011308
0.011311
0.011313
0.011316
0.011318
0.011321
0.011324
0.011326
0.011329
0.011331
0.011334
0.011336
0.011339
0.011342
0.011344
0.011347
0.011349
0.011352
0.011355
0.011357
0.011360
0.011362
0.011365
0.011368
0.011370
0.011373
0.011375
0.011378
0.011381
0.011383
0.011386
0.011388
0.011391
0.011394
0.011396
0.011399
0.011401
0.011404
0.011407
0.011409
0.011412
0.011414
0.011417
0.011420
0.011422
0.011425
0.011427
0.011430
0.011433
0.011435
0.011438
0.011440
0.011443
0.011446
0.011448
0.011451
0.011453
0.011456
0.011459
0.011461
0.011464
0.011467
0.011469
0.011472
0.011474
0.011477
0.011480
0.011482
0.011485
0.011487
0.011490
0.011493
0.011495
0.011498
0.011501
0.011503
0.011506
0.011508
0.011511
0.011514
0.011516
0.011519
0.011522
0.011524
0.011527
0.011529
0.011532
0.011535
0.011537
0.011540
0.011543
0.011545
0.011548
0.011551
0.011553
0.011556
0.011558
0.011561
0.011564
0.011566
0.011569
0.011572
0.011574
0.011577
0.011580
0.011582
0.011585
0.011587
0.011590
0.011593
0.011595
0.011598
0.011601
0.011603
0.011606
0.011609
0.011611
0.011614
0.011617
0.011619
0.011622
0.011625
0.011627
0.011630
0.011632
0.011635
0.011638
0.011640
0.011643
0.011646
0.011648
0.011651
0.011654
0.011656
0.011659
0.011662
0.011664
0.011667
0.011670
0.011672
0.011675
0.011678
0.011680
0.011683
0.011686
0.011688
0.011691
0.011694
0.011696
0.011699
0.011702
0.011704
0.011707
0.011710
0.011712
0.011715
0.011718
0.011720
0.011723
0.011726
0.011728
0.011731
0.011734
0.011736
0.011739
0.011742
0.011744
0.011747
0.011750
0.011752
0.011755
0.011758
0.011761
0.011763
0.011766
0.011769
0.011771
0.011774
0.011777
0.011779
0.011782
0.011785
0.011787
0.011790
0.011793
0.011795
0.011798
0.011801
0.011803
0.011806
0.011809
0.011812
0.011814
0.011817
0.011820
0.011822
0.011825
0.011828
0.011830
0.011833
0.011836
0.011839
0.011841
0.011844
0.011847
0.011849
0.011852
0.011855
0.011857
0.011860
0.011863
0.011866
0.011868
0.011871
0.011874
0.011876
0.011879
0.011882
0.011885
0.011887
0.011890
0.011893
0.011895
0.011898
0.011901
0.011904
0.011906
0.011909
0.011912
0.011914
0.011917
0.011920
0.011923
0.011925
0.011928
0.011931
0.011933
0.011936
0.011939
0.011942
0.011944
0.011947
0.011950
0.011952
0.011955
0.011958
0.011961
0.011963
0.011966
0.011969
0.011972
0.011974
0.011977
0.011980
0.011983
0.011985
0.011988
0.011991
0.011993
0.011996
0.011999
0.012002
0.012004
0.012007
0.012010
0.012013
0.012015
0.012018
0.012021
0.012024
0.012026
0.012029
0.012032
0.012035
0.012037
0.012040
0.012043
0.012046
0.012048
0.012051
0.012054
0.012057
0.012059
0.012062
0.012065
0.012068
0.012070
0.012073
0.012076
0.012079
0.012081
0.012084
0.012087
0.012090
0.012092
0.012095
0.012098
0.012101
0.012103
0.012106
0.012109
0.012112
0.012114
0.012117
0.012120
0.012123
0.012125
0.012128
0.012131
0.012134
0.012137
0.012139
0.012142
0.012145
0.012148
0.012150
0.012153
0.012156
0.012159
0.012161
0.012164
0.012167
0.012170
0.012173
0.012175
0.012178
0.012181
0.012184
0.012186
0.012189
0.012192
0.012195
0.012198
0.012200
0.012203
0.012206
0.012209
0.012212
0.012214
0.012217
0.012220
0.012223
0.012225
0.012228
0.012231
0.012234
0.012237
0.012239
0.012242
0.012245
0.012248
0.012251
0.012253
0.012256
0.012259
0.012262
0.012265
0.012267
0.012270
0.012273
0.012276
0.012279
0.012281
0.012284
0.012287
0.012290
0.012293
0.012295
0.012298
0.012301
0.012304
0.012307
0.012309
0.012312
0.012315
0.012318
0.012321
0.012323
0.012326
0.012329
0.012332
0.012335
0.012337
0.012340
0.012343
0.012346
0.012349
0.012352
0.012354
0.012357
0.012360
0.012363
0.012366
0.012368
0.012371
0.012374
0.012377
0.012380
0.012383
0.012385
0.012388
0.012391
0.012394
0.012397
0.012400
0.012402
0.012405
0.012408
0.012411
0.012414
0.012417
0.012419
0.012422
0.012425
0.012428
0.012431
0.012434
0.012436
0.012439
0.012442
0.012445
0.012448
0.012451
0.012453
0.012456
0.012459
0.012462
0.012465
0.012468
0.012470
0.012473
0.012476
0.012479
0.012482
0.012485
0.012488
0.012490
0.012493
0.012496
0.012499
0.012502
0.012505
0.012507
0.012510
0.012513
0.012516
0.012519
0.012522
0.012525
0.012527
0.012530
0.012533
0.012536
0.012539
0.012542
0.012545
0.012547
0.012550
0.012553
0.012556
0.012559
0.012562
0.012565
0.012568
0.012570
0.012573
0.012576
0.012579
0.012582
0.012585
0.012588
0.012590
0.012593
0.012596
0.012599
0.012602
0.012605
0.012608
0.012611
0.012613
0.012616
0.012619
0.012622
0.012625
0.012628
0.012631
0.012634
0.012637
0.012639
0.012642
0.012645
0.012648
0.012651
0.012654
0.012657
0.012660
0.012662
0.012665
0.012668
0.012671
0.012674
0.012677
0.012680
0.012683
0.012686
0.012688
0.012691
0.012694
0.012697
0.012700
0.012703
0.012706
0.012709
0.012712
0.012715
0.012717
0.012720
0.012723
0.012726
0.012729
0.012732
0.012735
0.012738
0.012741
0.012744
0.012747
0.012749
0.012752
0.012755
0.012758
0.012761
0.012764
0.012767
0.012770
0.012773
0.012776
0.012779
0.012781
0.012784
0.012787
0.012790
0.012793
0.012796
0.012799
0.012802
0.012805
0.012808
0.012811
0.012814
0.012816
0.012819
0.012822
0.012825
0.012828
0.012831
0.012834
0.012837
0.012840
0.012843
0.012846
0.012849
0.012852
0.012855
0.012857
0.012860
0.012863
0.012866
0.012869
0.012872
0.012875
0.012878
0.012881
0.012884
0.012887
0.012890
0.012893
0.012896
0.012899
0.012902
0.012904
0.012907
0.012910
0.012913
0.012916
0.012919
0.012922
0.012925
0.012928
0.012931
0.012934
0.012937
0.012940
0.012943
0.012946
0.012949
0.012952
0.012955
0.012958
0.012961
0.012963
0.012966
0.012969
0.012972
0.012975
0.012978
0.012981
0.012984
0.012987
0.012990
0.012993
0.012996
0.012999
0.013002
0.013005
0.013008
0.013011
0.013014
0.013017
0.013020
0.013023
0.013026
0.013029
0.013032
0.013035
0.013038
0.013041
0.013044
0.013047
0.013049
0.013052
0.013055
0.013058
0.013061
0.013064
0.013067
0.013070
0.013073
0.013076
0.013079
0.013082
0.013085
0.013088
0.013091
0.013094
0.013097
0.013100
0.013103
0.013106
0.013109
0.013112
0.013115
0.013118
0.013121
0.013124
0.013127
0.013130
0.013133
0.013136
0.013139
0.013142
0.013145
0.013148
0.013151
0.013154
0.013157
0.013160
0.013163
0.013166
0.013169
0.013172
0.013175
0.013178
0.013181
0.013184
0.013187
0.013190
0.013193
0.013196
0.013199
0.013202
0.013205
0.013208
0.013211
0.013214
0.013217
0.013220
0.013223
0.013226
0.013229
0.013232
0.013235
0.013238
0.013241
0.013244
0.013247
0.013250
0.013253
0.013256
0.013260
0.013263
0.013266
0.013269
0.013272
0.013275
0.013278
0.013281
0.013284
0.013287
0.013290
0.013293
0.013296
0.013299
0.013302
0.013305
0.013308
0.013311
0.013314
0.013317
0.013320
0.013323
0.013326
0.013329
0.013332
0.013335
0.013338
0.013341
0.013344
0.013347
0.013351
0.013354
0.013357
0.013360
0.013363
0.013366
0.013369
0.013372
0.013375
0.013378
0.013381
0.013384
0.013387
0.013390
0.013393
0.013396
0.013399
0.013402
0.013405
0.013409
0.013412
0.013415
0.013418
0.013421
0.013424
0.013427
0.013430
0.013433
0.013436
0.013439
0.013442
0.013445
0.013448
0.013451
0.013454
0.013458
0.013461
0.013464
0.013467
0.013470
0.013473
0.013476
0.013479
0.013482
0.013485
0.013488
0.013491
0.013494
0.013498
0.013501
0.013504
0.013507
0.013510
0.013513
0.013516
0.013519
0.013522
0.013525
0.013528
0.013531
0.013534
0.013538
0.013541
0.013544
0.013547
0.013550
0.013553
0.013556
0.013559
0.013562
0.013565
0.013568
0.013572
0.013575
0.013578
0.013581
0.013584
0.013587
0.013590
0.013593
0.013596
0.013599
0.013603
0.013606
0.013609
0.013612
0.013615
0.013618
0.013621
0.013624
0.013627
0.013631
0.013634
0.013637
0.013640
0.013643
0.013646
0.013649
0.013652
0.013655
0.013659
0.013662
0.013665
0.013668
0.013671
0.013674
0.013677
0.013680
0.013683
0.013687
0.013690
0.013693
0.013696
0.013699
0.013702
0.013705
0.013708
0.013712
0.013715
0.013718
0.013721
0.013724
0.013727
0.013730
0.013734
0.013737
0.013740
0.013743
0.013746
0.013749
0.013752
0.013755
0.013759
0.013762
0.013765
0.013768
0.013771
0.013774
0.013777
0.013781
0.013784
0.013787
0.013790
0.013793
0.013796
0.013799
0.013803
0.013806
0.013809
0.013812
0.013815
0.013818
0.013821
0.013825
0.013828
0.013831
0.013834
0.013837
0.013840
0.013844
0.013847
0.013850
0.013853
0.013856
0.013859
0.013863
0.013866
0.013869
0.013872
0.013875
0.013878
0.013882
0.013885
0.013888
0.013891
0.013894
0.013897
0.013901
0.013904
0.013907
0.013910
0.013913
0.013916
0.013920
0.013923
0.013926
0.013929
0.013932
0.013935
0.013939
0.013942
0.013945
0.013948
0.013951
0.013955
0.013958
0.013961
0.013964
0.013967
0.013970
0.013974
0.013977
0.013980
0.013983
0.013986
0.013990
0.013993
0.013996
0.013999
0.014002
0.014006
0.014009
0.014012
0.014015
0.014018
0.014022
0.014025
0.014028
0.014031
0.014034
0.014038
0.014041
0.014044
0.014047
0.014050
0.014054
0.014057
0.014060
0.014063
0.014066
0.014070
0.014073
0.014076
0.014079
0.014082
0.014086
0.014089
0.014092
0.014095
0.014098
0.014102
0.014105
0.014108
0.014111
0.014115
0.014118
0.014121
0.014124
0.014127
0.014131
0.014134
0.014137
0.014140
0.014144
0.014147
0.014150
0.014153
0.014156
0.014160
0.014163
0.014166
0.014169
0.014173
0.014176
0.014179
0.014182
0.014186
0.014189
0.014192
0.014195
0.014199
0.014202
0.014205
0.014208
0.014211
0.014215
0.014218
0.014221
0.014224
0.014228
0.014231
0.014234
0.014237
0.014241
0.014244
0.014247
0.014250
0.014254
0.014257
0.014260
0.014263
0.014267
0.014270
0.014273
0.014276
0.014280
0.014283
0.014286
0.014289
0.014293
0.014296
0.014299
0.014303
0.014306
0.014309
0.014312
0.014316
0.014319
0.014322
0.014325
0.014329
0.014332
0.014335
0.014338
0.014342
0.014345
0.014348
0.014352
0.014355
0.014358
0.014361
0.014365
0.014368
0.014371
0.014374
0.014378
0.014381
0.014384
0.014388
0.014391
0.014394
0.014397
0.014401
0.014404
0.014407
0.014411
0.014414
0.014417
0.014420
0.014424
0.014427
0.014430
0.014434
0.014437
0.014440
0.014443
0.014447
0.014450
0.014453
0.014457
0.014460
0.014463
0.014467
0.014470
0.014473
0.014476
0.014480
0.014483
0.014486
0.014490
0.014493
0.014496
0.014500
0.014503
0.014506
0.014510
0.014513
0.014516
0.014519
0.014523
0.014526
0.014529
0.014533
0.014536
0.014539
0.014543
0.014546
0.014549
0.014553
0.014556
0.014559
0.014563
0.014566
0.014569
0.014573
0.014576
0.014579
0.014583
0.014586
0.014589
0.014592
0.014596
0.014599
0.014602
0.014606
0.014609
0.014612
0.014616
0.014619
0.014622
0.014626
0.014629
0.014632
0.014636
0.014639
0.014642
0.014646
0.014649
0.014653
0.014656
0.014659
0.014663
0.014666
0.014669
0.014673
0.014676
0.014679
0.014683
0.014686
0.014689
0.014693
0.014696
0.014699
0.014703
0.014706
0.014709
0.014713
0.014716
0.014720
0.014723
0.014726
0.014730
0.014733
0.014736
0.014740
0.014743
0.014746
0.014750
0.014753
0.014756
0.014760
0.014763
0.014767
0.014770
0.014773
0.014777
0.014780
0.014783
0.014787
0.014790
0.014794
0.014797
0.014800
0.014804
0.014807
0.014810
0.014814
0.014817
0.014821
0.014824
0.014827
0.014831
0.014834
0.014837
0.014841
0.014844
0.014848
0.014851
0.014854
0.014858
0.014861
0.014865
0.014868
0.014871
0.014875
0.014878
0.014882
0.014885
0.014888
0.014892
0.014895
0.014899
0.014902
0.014905
0.014909
0.014912
0.014916
0.014919
0.014922
0.014926
0.014929
0.014933
0.014936
0.014939
0.014943
0.014946
0.014950
0.014953
0.014956
0.014960
0.014963
0.014967
0.014970
0.014973
0.014977
0.014980
0.014984
0.014987
0.014991
0.014994
0.014997
0.015001
0.015004
0.015008
0.015011
0.015014
0.015018
0.015021
0.015025
0.015028
0.015032
0.015035
0.015038
0.015042
0.015045
0.015049
0.015052
0.015056
0.015059
0.015063
0.015066
0.015069
0.015073
0.015076
0.015080
0.015083
0.015087
0.015090
0.015093
0.015097
0.015100
0.015104
0.015107
0.015111
0.015114
0.015118
0.015121
0.015124
0.015128
0.015131
0.015135
0.015138
0.015142
0.015145
0.015149
0.015152
0.015156
0.015159
0.015162
0.015166
0.015169
0.015173
0.015176
0.015180
0.015183
0.015187
0.015190
0.015194
0.015197
0.015201
0.015204
0.015207
0.015211
0.015214
0.015218
0.015221
0.015225
0.015228
0.015232
0.015235
0.015239
0.015242
0.015246
0.015249
0.015253
0.015256
0.015260
0.015263
0.015267
0.015270
0.015274
0.015277
0.015281
0.015284
0.015287
0.015291
0.015294
0.015298
0.015301
0.015305
0.015308
0.015312
0.015315
0.015319
0.015322
0.015326
0.015329
0.015333
0.015336
0.015340
0.015343
0.015347
0.015350
0.015354
0.015357
0.015361
0.015364
0.015368
0.015371
0.015375
0.015378
0.015382
0.015385
0.015389
0.015392
0.015396
0.015399
0.015403
0.015406
0.015410
0.015414
0.015417
0.015421
0.015424
0.015428
0.015431
0.015435
0.015438
0.015442
0.015445
0.015449
0.015452
0.015456
0.015459
0.015463
0.015466
0.015470
0.015473
0.015477
0.015480
0.015484
0.015488
0.015491
0.015495
0.015498
0.015502
0.015505
0.015509
0.015512
0.015516
0.015519
0.015523
0.015526
0.015530
0.015534
0.015537
0.015541
0.015544
0.015548
0.015551
0.015555
0.015558
0.015562
0.015565
0.015569
0.015573
0.015576
0.015580
0.015583
0.015587
0.015590
0.015594
0.015597
0.015601
0.015605
0.015608
0.015612
0.015615
0.015619
0.015622
0.015626
0.015629
0.015633
0.015637
0.015640
0.015644
0.015647
0.015651
0.015654
0.015658
0.015662
0.015665
0.015669
0.015672
0.015676
0.015679
0.015683
0.015687
0.015690
0.015694
0.015697
0.015701
0.015704
0.015708
0.015712
0.015715
0.015719
0.015722
0.015726
0.015730
0.015733
0.015737
0.015740
0.015744
0.015748
0.015751
0.015755
0.015758
0.015762
0.015766
0.015769
0.015773
0.015776
0.015780
0.015783
0.015787
0.015791
0.015794
0.015798
0.015802
0.015805
0.015809
0.015812
0.015816
0.015820
0.015823
0.015827
0.015830
0.015834
0.015838
0.015841
0.015845
0.015848
0.015852
0.015856
0.015859
0.015863
0.015867
0.015870
0.015874
0.015877
0.015881
0.015885
0.015888
0.015892
0.015895
0.015899
0.015903
0.015906
0.015910
0.015914
0.015917
0.015921
0.015925
0.015928
0.015932
0.015935
0.015939
0.015943
0.015946
0.015950
0.015954
0.015957
0.015961
0.015965
0.015968
0.015972
0.015975
0.015979
0.015983
0.015986
0.015990
0.015994
0.015997
0.016001
0.016005
0.016008
0.016012
0.016016
0.016019
0.016023
0.016027
0.016030
0.016034
0.016038
0.016041
0.016045
0.016048
0.016052
0.016056
0.016059
0.016063
0.016067
0.016070
0.016074
0.016078
0.016081
0.016085
0.016089
0.016092
0.016096
0.016100
0.016103
0.016107
0.016111
0.016115
0.016118
0.016122
0.016126
0.016129
0.016133
0.016137
0.016140
0.016144
0.016148
0.016151
0.016155
0.016159
0.016162
0.016166
0.016170
0.016173
0.016177
0.016181
0.016184
0.016188
0.016192
0.016196
0.016199
0.016203
0.016207
0.016210
0.016214
0.016218
0.016221
0.016225
0.016229
0.016233
0.016236
0.016240
0.016244
0.016247
0.016251
0.016255
0.016258
0.016262
0.016266
0.016270
0.016273
0.016277
0.016281
0.016284
0.016288
0.016292
0.016296
0.016299
0.016303
0.016307
0.016310
0.016314
0.016318
0.016322
0.016325
0.016329
0.016333
0.016337
0.016340
0.016344
0.016348
0.016351
0.016355
0.016359
0.016363
0.016366
0.016370
0.016374
0.016378
0.016381
0.016385
0.016389
0.016393
0.016396
0.016400
0.016404
0.016407
0.016411
0.016415
0.016419
0.016422
0.016426
0.016430
0.016434
0.016437
0.016441
0.016445
0.016449
0.016452
0.016456
0.016460
0.016464
0.016467
0.016471
0.016475
0.016479
0.016483
0.016486
0.016490
0.016494
0.016498
0.016501
0.016505
0.016509
0.016513
0.016516
0.016520
0.016524
0.016528
0.016531
0.016535
0.016539
0.016543
0.016547
0.016550
0.016554
0.016558
0.016562
0.016565
0.016569
0.016573
0.016577
0.016581
0.016584
0.016588
0.016592
0.016596
0.016599
0.016603
0.016607
0.016611
0.016615
0.016618
0.016622
0.016626
0.016630
0.016634
0.016637
0.016641
0.016645
0.016649
0.016653
0.016656
0.016660
0.016664
0.016668
0.016672
0.016675
0.016679
0.016683
0.016687
0.016691
0.016694
0.016698
0.016702
0.016706
0.016710
0.016713
0.016717
0.016721
0.016725
0.016729
0.016732
0.016736
0.016740
0.016744
0.016748
0.016752
0.016755
0.016759
0.016763
0.016767
0.016771
0.016775
0.016778
0.016782
0.016786
0.016790
0.016794
0.016797
0.016801
0.016805
0.016809
0.016813
0.016817
0.016820
0.016824
0.016828
0.016832
0.016836
0.016840
0.016844
0.016847
0.016851
0.016855
0.016859
0.016863
0.016867
0.016870
0.016874
0.016878
0.016882
0.016886
0.016890
0.016894
0.016897
0.016901
0.016905
0.016909
0.016913
0.016917
0.016921
0.016924
0.016928
0.016932
0.016936
0.016940
0.016944
0.016948
0.016951
0.016955
0.016959
0.016963
0.016967
0.016971
0.016975
0.016979
0.016982
0.016986
0.016990
0.016994
0.016998
0.017002
0.017006
0.017010
0.017013
0.017017
0.017021
0.017025
0.017029
0.017033
0.017037
0.017041
0.017044
0.017048
0.017052
0.017056
0.017060
0.017064
0.017068
0.017072
0.017076
0.017080
0.017083
0.017087
0.017091
0.017095
0.017099
0.017103
0.017107
0.017111
0.017115
0.017119
0.017122
0.017126
0.017130
0.017134
0.017138
0.017142
0.017146
0.017150
0.017154
0.017158
0.017162
0.017165
0.017169
0.017173
0.017177
0.017181
0.017185
0.017189
0.017193
0.017197
0.017201
0.017205
0.017209
0.017212
0.017216
0.017220
0.017224
0.017228
0.017232
0.017236
0.017240
0.017244
0.017248
0.017252
0.017256
0.017260
0.017264
0.017268
0.017271
0.017275
0.017279
0.017283
0.017287
0.017291
0.017295
0.017299
0.017303
0.017307
0.017311
0.017315
0.017319
0.017323
0.017327
0.017331
0.017335
0.017339
0.017343
0.017346
0.017350
0.017354
0.017358
0.017362
0.017366
0.017370
0.017374
0.017378
0.017382
0.017386
0.017390
0.017394
0.017398
0.017402
0.017406
0.017410
0.017414
0.017418
0.017422
0.017426
0.017430
0.017434
0.017438
0.017442
0.017446
0.017450
0.017454
0.017458
0.017462
0.017466
0.017470
0.017474
0.017478
0.017481
0.017485
0.017489
0.017493
0.017497
0.017501
0.017505
0.017509
0.017513
0.017517
0.017521
0.017525
0.017529
0.017533
0.017537
0.017541
0.017545
0.017549
0.017553
0.017557
0.017561
0.017565
0.017569
0.017573
0.017577
0.017581
0.017585
0.017589
0.017593
0.017598
0.017602
0.017606
0.017610
0.017614
0.017618
0.017622
0.017626
0.017630
0.017634
0.017638
0.017642
0.017646
0.017650
0.017654
0.017658
0.017662
0.017666
0.017670
0.017674
0.017678
0.017682
0.017686
0.017690
0.017694
0.017698
0.017702
0.017706
0.017710
0.017714
0.017718
0.017722
0.017726
0.017730
0.017734
0.017739
0.017743
0.017747
0.017751
0.017755
0.017759
0.017763
0.017767
0.017771
0.017775
0.017779
0.017783
0.017787
0.017791
0.017795
0.017799
0.017803
0.017807
0.017812
0.017816
0.017820
0.017824
0.017828
0.017832
0.017836
0.017840
0.017844
0.017848
0.017852
0.017856
0.017860
0.017864
0.017868
0.017873
0.017877
0.017881
0.017885
0.017889
0.017893
0.017897
0.017901
0.017905
0.017909
0.017913
0.017917
0.017922
0.017926
0.017930
0.017934
0.017938
0.017942
0.017946
0.017950
0.017954
0.017958
0.017962
0.017967
0.017971
0.017975
0.017979
0.017983
0.017987
0.017991
0.017995
0.017999
0.018003
0.018008
0.018012
0.018016
0.018020
0.018024
0.018028
0.018032
0.018036
0.018040
0.018045
0.018049
0.018053
0.018057
0.018061
0.018065
0.018069
0.018073
0.018078
0.018082
0.018086
0.018090
0.018094
0.018098
0.018102
0.018106
0.018111
0.018115
0.018119
0.018123
0.018127
0.018131
0.018135
0.018139
0.018144
0.018148
0.018152
0.018156
0.018160
0.018164
0.018168
0.018173
0.018177
0.018181
0.018185
0.018189
0.018193
0.018197
0.018202
0.018206
0.018210
0.018214
0.018218
0.018222
0.018227
0.018231
0.018235
0.018239
0.018243
0.018247
0.018252
0.018256
0.018260
0.018264
0.018268
0.018272
0.018277
0.018281
0.018285
0.018289
0.018293
0.018297
0.018302
0.018306
0.018310
0.018314
0.018318
0.018322
0.018327
0.018331
0.018335
0.018339
0.018343
0.018348
0.018352
0.018356
0.018360
0.018364
0.018368
0.018373
0.018377
0.018381
0.018385
0.018389
0.018394
0.018398
0.018402
0.018406
0.018410
0.018415
0.018419
0.018423
0.018427
0.018431
0.018436
0.018440
0.018444
0.018448
0.018452
0.018457
0.018461
0.018465
0.018469
0.018474
0.018478
0.018482
0.018486
0.018490
0.018495
0.018499
0.018503
0.018507
0.018511
0.018516
0.018520
0.018524
0.018528
0.018533
0.018537
0.018541
0.018545
0.018549
0.018554
0.018558
0.018562
0.018566
0.018571
0.018575
0.018579
0.018583
0.018588
0.018592
0.018596
0.018600
0.018605
0.018609
0.018613
0.018617
0.018622
0.018626
0.018630
0.018634
0.018639
0.018643
0.018647
0.018651
0.018656
0.018660
0.018664
0.018668
0.018673
0.018677
0.018681
0.018685
0.018690
0.018694
0.018698
0.018702
0.018707
0.018711
0.018715
0.018719
0.018724
0.018728
0.018732
0.018737
0.018741
0.018745
0.018749
0.018754
0.018758
0.018762
0.018767
0.018771
0.018775
0.018779
0.018784
0.018788
0.018792
0.018797
0.018801
0.018805
0.018809
0.018814
0.018818
0.018822
0.018827
0.018831
0.018835
0.018839
0.018844
0.018848
0.018852
0.018857
0.018861
0.018865
0.018870
0.018874
0.018878
0.018882
0.018887
0.018891
0.018895
0.018900
0.018904
0.018908
0.018913
0.018917
0.018921
0.018926
0.018930
0.018934
0.018939
0.018943
0.018947
0.018951
0.018956
0.018960
0.018964
0.018969
0.018973
0.018977
0.018982
0.018986
0.018990
0.018995
0.018999
0.019003
0.019008
0.019012
0.019016
0.019021
0.019025
0.019029
0.019034
0.019038
0.019042
0.019047
0.019051
0.019055
0.019060
0.019064
0.019069
0.019073
0.019077
0.019082
0.019086
0.019090
0.019095
0.019099
0.019103
0.019108
0.019112
0.019116
0.019121
0.019125
0.019130
0.019134
0.019138
0.019143
0.019147
0.019151
0.019156
0.019160
0.019164
0.019169
0.019173
0.019178
0.019182
0.019186
0.019191
0.019195
0.019199
0.019204
0.019208
0.019213
0.019217
0.019221
0.019226
0.019230
0.019235
0.019239
0.019243
0.019248
0.019252
0.019256
0.019261
0.019265
0.019270
0.019274
0.019278
0.019283
0.019287
0.019292
0.019296
0.019300
0.019305
0.019309
0.019314
0.019318
0.019322
0.019327
0.019331
0.019336
0.019340
0.019345
0.019349
0.019353
0.019358
0.019362
0.019367
0.019371
0.019375
0.019380
0.019384
0.019389
0.019393
0.019398
0.019402
0.019406
0.019411
0.019415
0.019420
0.019424
0.019429
0.019433
0.019437
0.019442
0.019446
0.019451
0.019455
0.019460
0.019464
0.019468
0.019473
0.019477
0.019482
0.019486
0.019491
0.019495
0.019500
0.019504
0.019508
0.019513
0.019517
0.019522
0.019526
0.019531
0.019535
0.019540
0.019544
0.019549
0.019553
0.019557
0.019562
0.019566
0.019571
0.019575
0.019580
0.019584
0.019589
0.019593
0.019598
0.019602
0.019607
0.019611
0.019616
0.019620
0.019624
0.019629
0.019633
0.019638
0.019642
0.019647
0.019651
0.019656
0.019660
0.019665
0.019669
0.019674
0.019678
0.019683
0.019687
0.019692
0.019696
0.019701
0.019705
0.019710
0.019714
0.019719
0.019723
0.019728
0.019732
0.019737
0.019741
0.019746
0.019750
0.019755
0.019759
0.019764
0.019768
0.019773
0.019777
0.019782
0.019786
0.019791
0.019795
0.019800
0.019804
0.019809
0.019813
0.019818
0.019822
0.019827
0.019831
0.019836
0.019840
0.019845
0.019850
0.019854
0.019859
0.019863
0.019868
0.019872
0.019877
0.019881
0.019886
0.019890
0.019895
0.019899
0.019904
0.019908
0.019913
0.019918
0.019922
0.019927
0.019931
0.019936
0.019940
0.019945
0.019949
0.019954
0.019958
0.019963
0.019968
0.019972
0.019977
0.019981
0.019986
0.019990
0.019995
0.020000
0.020004
0.020009
0.020013
0.020018
0.020022
0.020027
0.020031
0.020036
0.020041
0.020045
0.020050
0.020054
0.020059
0.020063
0.020068
0.020073
0.020077
0.020082
0.020086
0.020091
0.020096
0.020100
0.020105
0.020109
0.020114
0.020118
0.020123
0.020128
0.020132
0.020137
0.020141
0.020146
0.020151
0.020155
0.020160
0.020164
0.020169
0.020174
0.020178
0.020183
0.020187
0.020192
0.020197
0.020201
0.020206
0.020210
0.020215
0.020220
0.020224
0.020229
0.020233
0.020238
0.020243
0.020247
0.020252
0.020257
0.020261
0.020266
0.020270
0.020275
0.020280
0.020284
0.020289
0.020294
0.020298
0.020303
0.020307
0.020312
0.020317
0.020321
0.020326
0.020331
0.020335
0.020340
0.020345
0.020349
0.020354
0.020358
0.020363
0.020368
0.020372
0.020377
0.020382
0.020386
0.020391
0.020396
0.020400
0.020405
0.020410
0.020414
0.020419
0.020424
0.020428
0.020433
0.020438
0.020442
0.020447
0.020452
0.020456
0.020461
0.020466
0.020470
0.020475
0.020480
0.020484
0.020489
0.020494
0.020498
0.020503
0.020508
0.020512
0.020517
0.020522
0.020526
0.020531
0.020536
0.020540
0.020545
0.020550
0.020554
0.020559
0.020564
0.020569
0.020573
0.020578
0.020583
0.020587
0.020592
0.020597
0.020601
0.020606
0.020611
0.020615
0.020620
0.020625
0.020630
0.020634
0.020639
0.020644
0.020648
0.020653
0.020658
0.020663
0.020667
0.020672
0.020677
0.020681
0.020686
0.020691
0.020696
0.020700
0.020705
0.020710
0.020714
0.020719
0.020724
0.020729
0.020733
0.020738
0.020743
0.020748
0.020752
0.020757
0.020762
0.020766
0.020771
0.020776
0.020781
0.020785
0.020790
0.020795
0.020800
0.020804
0.020809
0.020814
0.020819
0.020823
0.020828
0.020833
0.020838
0.020842
0.020847
0.020852
0.020857
0.020861
0.020866
0.020871
0.020876
0.020880
0.020885
0.020890
0.020895
0.020900
0.020904
0.020909
0.020914
0.020919
0.020923
0.020928
0.020933
0.020938
0.020942
0.020947
0.020952
0.020957
0.020962
0.020966
0.020971
0.020976
0.020981
0.020985
0.020990
0.020995
0.021000
0.021005
0.021009
0.021014
0.021019
0.021024
0.021029
0.021033
0.021038
0.021043
0.021048
0.021053
0.021057
0.021062
0.021067
0.021072
0.021077
0.021081
0.021086
0.021091
0.021096
0.021101
0.021105
0.021110
0.021115
0.021120
0.021125
0.021130
0.021134
0.021139
0.021144
0.021149
0.021154
0.021159
0.021163
0.021168
0.021173
0.021178
0.021183
0.021187
0.021192
0.021197
0.021202
0.021207
0.021212
0.021217
0.021221
0.021226
0.021231
0.021236
0.021241
0.021246
0.021250
0.021255
0.021260
0.021265
0.021270
0.021275
0.021280
0.021284
0.021289
0.021294
0.021299
0.021304
0.021309
0.021314
0.021318
0.021323
0.021328
0.021333
0.021338
0.021343
0.021348
0.021352
0.021357
0.021362
0.021367
0.021372
0.021377
0.021382
0.021387
0.021391
0.021396
0.021401
0.021406
0.021411
0.021416
0.021421
0.021426
0.021430
0.021435
0.021440
0.021445
0.021450
0.021455
0.021460
0.021465
0.021470
0.021475
0.021479
0.021484
0.021489
0.021494
0.021499
0.021504
0.021509
0.021514
0.021519
0.021524
0.021528
0.021533
0.021538
0.021543
0.021548
0.021553
0.021558
0.021563
0.021568
0.021573
0.021578
0.021583
0.021587
0.021592
0.021597
0.021602
0.021607
0.021612
0.021617
0.021622
0.021627
0.021632
0.021637
0.021642
0.021647
0.021652
0.021657
0.021661
0.021666
0.021671
0.021676
0.021681
0.021686
0.021691
0.021696
0.021701
0.021706
0.021711
0.021716
0.021721
0.021726
0.021731
0.021736
0.021741
0.021746
0.021751
0.021756
0.021760
0.021765
0.021770
0.021775
0.021780
0.021785
0.021790
0.021795
0.021800
0.021805
0.021810
0.021815
0.021820
0.021825
0.021830
0.021835
0.021840
0.021845
0.021850
0.021855
0.021860
0.021865
0.021870
0.021875
0.021880
0.021885
0.021890
0.021895
0.021900
0.021905
0.021910
0.021915
0.021920
0.021925
0.021930
0.021935
0.021940
0.021945
0.021950
0.021955
0.021960
0.021965
0.021970
0.021975
0.021980
0.021985
0.021990
0.021995
0.022000
0.022005
0.022010
0.022015
0.022020
0.022025
0.022030
0.022035
0.022040
0.022045
0.022050
0.022055
0.022060
0.022065
0.022070
0.022075
0.022080
0.022085
0.022091
0.022096
0.022101
0.022106
0.022111
0.022116
0.022121
0.022126
0.022131
0.022136
0.022141
0.022146
0.022151
0.022156
0.022161
0.022166
0.022171
0.022176
0.022181
0.022186
0.022192
0.022197
0.022202
0.022207
0.022212
0.022217
0.022222
0.022227
0.022232
0.022237
0.022242
0.022247
0.022252
0.022257
0.022262
0.022268
0.022273
0.022278
0.022283
0.022288
0.022293
0.022298
0.022303
0.022308
0.022313
0.022318
0.022324
0.022329
0.022334
0.022339
0.022344
0.022349
0.022354
0.022359
0.022364
0.022369
0.022374
0.022380
0.022385
0.022390
0.022395
0.022400
0.022405
0.022410
0.022415
0.022420
0.022426
0.022431
0.022436
0.022441
0.022446
0.022451
0.022456
0.022461
0.022467
0.022472
0.022477
0.022482
0.022487
0.022492
0.022497
0.022502
0.022508
0.022513
0.022518
0.022523
0.022528
0.022533
0.022538
0.022544
0.022549
0.022554
0.022559
0.022564
0.022569
0.022574
0.022580
0.022585
0.022590
0.022595
0.022600
0.022605
0.022610
0.022616
0.022621
0.022626
0.022631
0.022636
0.022641
0.022647
0.022652
0.022657
0.022662
0.022667
0.022672
0.022678
0.022683
0.022688
0.022693
0.022698
0.022703
0.022709
0.022714
0.022719
0.022724
0.022729
0.022735
0.022740
0.022745
0.022750
0.022755
0.022761
0.022766
0.022771
0.022776
0.022781
0.022786
0.022792
0.022797
0.022802
0.022807
0.022812
0.022818
0.022823
0.022828
0.022833
0.022839
0.022844
0.022849
0.022854
0.022859
0.022865
0.022870
0.022875
0.022880
0.022885
0.022891
0.022896
0.022901
0.022906
0.022912
0.022917
0.022922
0.022927
0.022932
0.022938
0.022943
0.022948
0.022953
0.022959
0.022964
0.022969
0.022974
0.022980
0.022985
0.022990
0.022995
0.023001
0.023006
0.023011
0.023016
0.023022
0.023027
0.023032
0.023037
0.023043
0.023048
0.023053
0.023058
0.023064
0.023069
0.023074
0.023079
0.023085
0.023090
0.023095
0.023100
0.023106
0.023111
0.023116
0.023122
0.023127
0.023132
0.023137
0.023143
0.023148
0.023153
0.023158
0.023164
0.023169
0.023174
0.023180
0.023185
0.023190
0.023195
0.023201
0.023206
0.023211
0.023217
0.023222
0.023227
0.023233
0.023238
0.023243
0.023248
0.023254
0.023259
0.023264
0.023270
0.023275
0.023280
0.023286
0.023291
0.023296
0.023302
0.023307
0.023312
0.023317
0.023323
0.023328
0.023333
0.023339
0.023344
0.023349
0.023355
0.023360
0.023365
0.023371
0.023376
0.023381
0.023387
0.023392
0.023397
0.023403
0.023408
0.023413
0.023419
0.023424
0.023429
0.023435
0.023440
0.023445
0.023451
0.023456
0.023462
0.023467
0.023472
0.023478
0.023483
0.023488
0.023494
0.023499
0.023504
0.023510
0.023515
0.023520
0.023526
0.023531
0.023537
0.023542
0.023547
0.023553
0.023558
0.023563
0.023569
0.023574
0.023580
0.023585
0.023590
0.023596
0.023601
0.023606
0.023612
0.023617
0.023623
0.023628
0.023633
0.023639
0.023644
0.023650
0.023655
0.023660
0.023666
0.023671
0.023677
0.023682
0.023687
0.023693
0.023698
0.023704
0.023709
0.023714
0.023720
0.023725
0.023731
0.023736
0.023741
0.023747
0.023752
0.023758
0.023763
0.023768
0.023774
0.023779
0.023785
0.023790
0.023796
0.023801
0.023806
0.023812
0.023817
0.023823
0.023828
0.023834
0.023839
0.023845
0.023850
0.023855
0.023861
0.023866
0.023872
0.023877
0.023883
0.023888
0.023894
0.023899
0.023904
0.023910
0.023915
0.023921
0.023926
0.023932
0.023937
0.023943
0.023948
0.023954
0.023959
0.023964
0.023970
0.023975
0.023981
0.023986
0.023992
0.023997
0.024003
0.024008
0.024014
0.024019
0.024025
0.024030
0.024036
0.024041
0.024047
0.024052
0.024058
0.024063
0.024069
0.024074
0.024080
0.024085
0.024090
0.024096
0.024101
0.024107
0.024112
0.024118
0.024123
0.024129
0.024134
0.024140
0.024146
0.024151
0.024157
0.024162
0.024168
0.024173
0.024179
0.024184
0.024190
0.024195
0.024201
0.024206
0.024212
0.024217
0.024223
0.024228
0.024234
0.024239
0.024245
0.024250
0.024256
0.024261
0.024267
0.024272
0.024278
0.024284
0.024289
0.024295
0.024300
0.024306
0.024311
0.024317
0.024322
0.024328
0.024333
0.024339
0.024345
0.024350
0.024356
0.024361
0.024367
0.024372
0.024378
0.024383
0.024389
0.024395
0.024400
0.024406
0.024411
0.024417
0.024422
0.024428
0.024434
0.024439
0.024445
0.024450
0.024456
0.024461
0.024467
0.024473
0.024478
0.024484
0.024489
0.024495
0.024501
0.024506
0.024512
0.024517
0.024523
0.024528
0.024534
0.024540
0.024545
0.024551
0.024556
0.024562
0.024568
0.024573
0.024579
0.024585
0.024590
0.024596
0.024601
0.024607
0.024613
0.024618
0.024624
0.024629
0.024635
0.024641
0.024646
0.024652
0.024658
0.024663
0.024669
0.024674
0.024680
0.024686
0.024691
0.024697
0.024703
0.024708
0.024714
0.024719
0.024725
0.024731
0.024736
0.024742
0.024748
0.024753
0.024759
0.024765
0.024770
0.024776
0.024782
0.024787
0.024793
0.024798
0.024804
0.024810
0.024815
0.024821
0.024827
0.024832
0.024838
0.024844
0.024849
0.024855
0.024861
0.024866
0.024872
0.024878
0.024883
0.024889
0.024895
0.024901
0.024906
0.024912
0.024918
0.024923
0.024929
0.024935
0.024940
0.024946
0.024952
0.024957
0.024963
0.024969
0.024974
0.024980
0.024986
0.024992
0.024997
0.025003
0.025009
0.025014
0.025020
0.025026
0.025031
0.025037
0.025043
0.025049
0.025054
0.025060
0.025066
0.025071
0.025077
0.025083
0.025089
0.025094
0.025100
0.025106
0.025112
0.025117
0.025123
0.025129
0.025134
0.025140
0.025146
0.025152
0.025157
0.025163
0.025169
0.025175
0.025180
0.025186
0.025192
0.025198
0.025203
0.025209
0.025215
0.025221
0.025226
0.025232
0.025238
0.025244
0.025249
0.025255
0.025261
0.025267
0.025272
0.025278
0.025284
0.025290
0.025295
0.025301
0.025307
0.025313
0.025319
0.025324
0.025330
0.025336
0.025342
0.025347
0.025353
0.025359
0.025365
0.025371
0.025376
0.025382
0.025388
0.025394
0.025400
0.025405
0.025411
0.025417
0.025423
0.025429
0.025434
0.025440
0.025446
0.025452
0.025458
0.025463
0.025469
0.025475
0.025481
0.025487
0.025492
0.025498
0.025504
0.025510
0.025516
0.025521
0.025527
0.025533
0.025539
0.025545
0.025551
0.025556
0.025562
0.025568
0.025574
0.025580
0.025586
0.025591
0.025597
0.025603
0.025609
0.025615
0.025621
0.025626
0.025632
0.025638
0.025644
0.025650
0.025656
0.025662
0.025667
0.025673
0.025679
0.025685
0.025691
0.025697
0.025703
0.025708
0.025714
0.025720
0.025726
0.025732
0.025738
0.025744
0.025750
0.025755
0.025761
0.025767
0.025773
0.025779
0.025785
0.025791
0.025797
0.025802
0.025808
0.025814
0.025820
0.025826
0.025832
0.025838
0.025844
0.025850
0.025855
0.025861
0.025867
0.025873
0.025879
0.025885
0.025891
0.025897
0.025903
0.025909
0.025914
0.025920
0.025926
0.025932
0.025938
0.025944
0.025950
0.025956
0.025962
0.025968
0.025974
0.025980
0.025986
0.025991
0.025997
0.026003
0.026009
0.026015
0.026021
0.026027
0.026033
0.026039
0.026045
0.026051
0.026057
0.026063
0.026069
0.026075
0.026081
0.026086
0.026092
0.026098
0.026104
0.026110
0.026116
0.026122
0.026128
0.026134
0.026140
0.026146
0.026152
0.026158
0.026164
0.026170
0.026176
0.026182
0.026188
0.026194
0.026200
0.026206
0.026212
0.026218
0.026224
0.026230
0.026236
0.026242
0.026248
0.026254
0.026260
0.026266
0.026272
0.026278
0.026284
0.026290
0.026296
0.026302
0.026308
0.026314
0.026320
0.026326
0.026332
0.026338
0.026344
0.026350
0.026356
0.026362
0.026368
0.026374
0.026380
0.026386
0.026392
0.026398
0.026404
0.026410
0.026416
0.026422
0.026428
0.026434
0.026440
0.026446
0.026452
0.026458
0.026464
0.026470
0.026476
0.026482
0.026488
0.026494
0.026500
0.026506
0.026512
0.026518
0.026524
0.026530
0.026537
0.026543
0.026549
0.026555
0.026561
0.026567
0.026573
0.026579
0.026585
0.026591
0.026597
0.026603
0.026609
0.026615
0.026621
0.026627
0.026634
0.026640
0.026646
0.026652
0.026658
0.026664
0.026670
0.026676
0.026682
0.026688
0.026694
0.026700
0.026707
0.026713
0.026719
0.026725
0.026731
0.026737
0.026743
0.026749
0.026755
0.026761
0.026768
0.026774
0.026780
0.026786
0.026792
0.026798
0.026804
0.026810
0.026816
0.026823
0.026829
0.026835
0.026841
0.026847
0.026853
0.026859
0.026865
0.026871
0.026878
0.026884
0.026890
0.026896
0.026902
0.026908
0.026914
0.026921
0.026927
0.026933
0.026939
0.026945
0.026951
0.026957
0.026964
0.026970
0.026976
0.026982
0.026988
0.026994
0.027000
0.027007
0.027013
0.027019
0.027025
0.027031
0.027037
0.027044
0.027050
0.027056
0.027062
0.027068
0.027075
0.027081
0.027087
0.027093
0.027099
0.027105
0.027112
0.027118
0.027124
0.027130
0.027136
0.027143
0.027149
0.027155
0.027161
0.027167
0.027173
0.027180
0.027186
0.027192
0.027198
0.027204
0.027211
0.027217
0.027223
0.027229
0.027236
0.027242
0.027248
0.027254
0.027260
0.027267
0.027273
0.027279
0.027285
0.027291
0.027298
0.027304
0.027310
0.027316
0.027323
0.027329
0.027335
0.027341
0.027348
0.027354
0.027360
0.027366
0.027373
0.027379
0.027385
0.027391
0.027398
0.027404
0.027410
0.027416
0.027423
0.027429
0.027435
0.027441
0.027448
0.027454
0.027460
0.027466
0.027473
0.027479
0.027485
0.027491
0.027498
0.027504
0.027510
0.027516
0.027523
0.027529
0.027535
0.027542
0.027548
0.027554
0.027560
0.027567
0.027573
0.027579
0.027586
0.027592
0.027598
0.027604
0.027611
0.027617
0.027623
0.027630
0.027636
0.027642
0.027649
0.027655
0.027661
0.027668
0.027674
0.027680
0.027686
0.027693
0.027699
0.027705
0.027712
0.027718
0.027724
0.027731
0.027737
0.027743
0.027750
0.027756
0.027762
0.027769
0.027775
0.027781
0.027788
0.027794
0.027800
0.027807
0.027813
0.027819
0.027826
0.027832
0.027838
0.027845
0.027851
0.027857
0.027864
0.027870
0.027877
0.027883
0.027889
0.027896
0.027902
0.027908
0.027915
0.027921
0.027927
0.027934
0.027940
0.027947
0.027953
0.027959
0.027966
0.027972
0.027978
0.027985
0.027991
0.027998
0.028004
0.028010
0.028017
0.028023
0.028030
0.028036
0.028042
0.028049
0.028055
0.028062
0.028068
0.028074
0.028081
0.028087
0.028094
0.028100
0.028106
0.028113
0.028119
0.028126
0.028132
0.028138
0.028145
0.028151
0.028158
0.028164
0.028171
0.028177
0.028183
0.028190
0.028196
0.028203
0.028209
0.028216
0.028222
0.028228
0.028235
0.028241
0.028248
0.028254
0.028261
0.028267
0.028274
0.028280
0.028286
0.028293
0.028299
0.028306
0.028312
0.028319
0.028325
0.028332
0.028338
0.028345
0.028351
0.028358
0.028364
0.028370
0.028377
0.028383
0.028390
0.028396
0.028403
0.028409
0.028416
0.028422
0.028429
0.028435
0.028442
0.028448
0.028455
0.028461
0.028468
0.028474
0.028481
0.028487
0.028494
0.028500
0.028507
0.028513
0.028520
0.028526
0.028533
0.028539
0.028546
0.028552
0.028559
0.028565
0.028572
0.028578
0.028585
0.028591
0.028598
0.028604
0.028611
0.028617
0.028624
0.028630
0.028637
0.028644
0.028650
0.028657
0.028663
0.028670
0.028676
0.028683
0.028689
0.028696
0.028702
0.028709
0.028715
0.028722
0.028729
0.028735
0.028742
0.028748
0.028755
0.028761
0.028768
0.028774
0.028781
0.028788
0.028794
0.028801
0.028807
0.028814
0.028820
0.028827
0.028834
0.028840
0.028847
0.028853
0.028860
0.028867
0.028873
0.028880
0.028886
0.028893
0.028899
0.028906
0.028913
0.028919
0.028926
0.028932
0.028939
0.028946
0.028952
0.028959
0.028965
0.028972
0.028979
0.028985
0.028992
0.028998
0.029005
0.029012
0.029018
0.029025
0.029032
0.029038
0.029045
0.029051
0.029058
0.029065
0.029071
0.029078
0.029085
0.029091
0.029098
0.029104
0.029111
0.029118
0.029124
0.029131
0.029138
0.029144
0.029151
0.029158
0.029164
0.029171
0.029178
0.029184
0.029191
0.029198
0.029204
0.029211
0.029218
0.029224
0.029231
0.029238
0.029244
0.029251
0.029258
0.029264
0.029271
0.029278
0.029284
0.029291
0.029298
0.029304
0.029311
0.029318
0.029324
0.029331
0.029338
0.029344
0.029351
0.029358
0.029365
0.029371
0.029378
0.029385
0.029391
0.029398
0.029405
0.029411
0.029418
0.029425
0.029432
0.029438
0.029445
0.029452
0.029458
0.029465
0.029472
0.029479
0.029485
0.029492
0.029499
0.029506
0.029512
0.029519
0.029526
0.029532
0.029539
0.029546
0.029553
0.029559
0.029566
0.029573
0.029580
0.029586
0.029593
0.029600
0.029607
0.029613
0.029620
0.029627
0.029634
0.029640
0.029647
0.029654
0.029661
0.029667
0.029674
0.029681
0.029688
0.029695
0.029701
0.029708
0.029715
0.029722
0.029728
0.029735
0.029742
0.029749
0.029756
0.029762
0.029769
0.029776
0.029783
0.029790
0.029796
0.029803
0.029810
0.029817
0.029823
0.029830
0.029837
0.029844
0.029851
0.029858
0.029864
0.029871
0.029878
0.029885
0.029892
0.029898
0.029905
0.029912
0.029919
0.029926
0.029933
0.029939
0.029946
0.029953
0.029960
0.029967
0.029974
0.029980
0.029987
0.029994
0.030001
0.030008
0.030015
0.030021
0.030028
0.030035
0.030042
0.030049
0.030056
0.030063
0.030069
0.030076
0.030083
0.030090
0.030097
0.030104
0.030111
0.030117
0.030124
0.030131
0.030138
0.030145
0.030152
0.030159
0.030166
0.030172
0.030179
0.030186
0.030193
0.030200
0.030207
0.030214
0.030221
0.030228
0.030234
0.030241
0.030248
0.030255
0.030262
0.030269
0.030276
0.030283
0.030290
0.030297
0.030303
0.030310
0.030317
0.030324
0.030331
0.030338
0.030345
0.030352
0.030359
0.030366
0.030373
0.030380
0.030387
0.030393
0.030400
0.030407
0.030414
0.030421
0.030428
0.030435
0.030442
0.030449
0.030456
0.030463
0.030470
0.030477
0.030484
0.030491
0.030498
0.030505
0.030512
0.030518
0.030525
0.030532
0.030539
0.030546
0.030553
0.030560
0.030567
0.030574
0.030581
0.030588
0.030595
0.030602
0.030609
0.030616
0.030623
0.030630
0.030637
0.030644
0.030651
0.030658
0.030665
0.030672
0.030679
0.030686
0.030693
0.030700
0.030707
0.030714
0.030721
0.030728
0.030735
0.030742
0.030749
0.030756
0.030763
0.030770
0.030777
0.030784
0.030791
0.030798
0.030805
0.030812
0.030819
0.030826
0.030833
0.030840
0.030847
0.030854
0.030861
0.030868
0.030876
0.030883
0.030890
0.030897
0.030904
0.030911
0.030918
0.030925
0.030932
0.030939
0.030946
0.030953
0.030960
0.030967
0.030974
0.030981
0.030988
0.030995
0.031003
0.031010
0.031017
0.031024
0.031031
0.031038
0.031045
0.031052
0.031059
0.031066
0.031073
0.031080
0.031088
0.031095
0.031102
0.031109
0.031116
0.031123
0.031130
0.031137
0.031144
0.031151
0.031159
0.031166
0.031173
0.031180
0.031187
0.031194
0.031201
0.031208
0.031215
0.031223
0.031230
0.031237
0.031244
0.031251
0.031258
0.031265
0.031272
